2325 2313 2090 2270 2271 2486 2594 2448 2390 2297 2337 2202 2097 2291 2033 2159 1526 1434 1548 2367 2185 2364 1958 666 1219 1794 1410 547 1187 1033 1162 1050 1331 1664 1557 1373 1479 1572 1522 1656 94 35 77 162 97 117 153 71 112 131 82 108 157 130 227 167 231 136 76 94 93 129 150 169 91 35 45 23 12 66 72 78 121 122 23 115 78 142 100 15 
2189 2170 2264 2177 2118 2396 2436 2530 2329 2606 2343 2366 1919 1790 1660 2537 2186 1489 1528 2407 2315 1857 1068 1216 1384 1700 1538 711 652 1346 1122 1148 1312 1495 1147 1413 1563 1739 1784 1670 66 67 29 78 110 68 128 123 152 118 109 149 55 221 168 104 117 115 76 137 125 111 111 122 83 55 17 49 20 53 54 63 180 95 41 83 61 139 145 92 
2325 2141 1974 2095 2138 2196 2145 2376 2293 2603 2679 2501 2356 1491 1604 2195 1537 666 819 1834 2296 1356 1160 2025 1923 809 760 1208 689 915 1785 1533 1336 1304 1373 1253 1172 1539 1459 1375 56 50 61 94 59 112 118 126 214 186 204 110 74 123 122 155 70 117 94 84 121 90 112 94 96 73 70 44 18 21 46 32 83 165 21 60 50 62 55 38 
2373 2434 2290 2244 2180 2407 2232 2333 2480 2195 2440 2432 2488 2009 1992 1834 655 681 894 1937 1720 1506 763 356 898 522 489 1148 440 492 1050 1750 1487 1557 1194 1383 1268 1244 1335 1359 61 59 40 26 64 89 81 106 145 107 153 123 161 91 119 123 138 112 94 29 46 129 100 110 103 97 72 86 21 25 19 33 44 63 64 55 53 68 76 60 
2279 2162 2088 2097 2229 2226 2253 2199 2377 2437 2340 2284 2475 2136 2064 1201 1117 1075 1396 1634 1375 1219 748 1205 853 451 545 627 943 493 550 1448 2168 1730 1632 1650 1392 1461 1513 1249 37 34 72 53 100 100 101 78 144 105 165 101 158 97 145 134 65 66 67 47 139 133 106 109 101 73 79 45 55 23 19 21 20 58 28 110 141 85 26 25 
2304 2362 2498 2385 2147 2296 1997 2181 2336 2510 2381 2351 2413 1960 1013 763 1116 1773 1813 1743 1574 1531 2130 1802 1719 188 638 376 1266 779 549 454 1622 2062 1927 1852 1873 1352 1670 1534 38 82 74 92 85 129 104 119 88 175 98 55 83 127 28 18 23 25 22 67 222 222 80 105 116 63 50 33 33 23 24 11 23 19 36 136 62 43 33 30 
2327 2151 2207 2197 2132 2153 2216 2177 2398 2500 2636 2355 1934 1373 685 656 1580 2043 2038 2073 1685 1027 1810 2059 1862 554 390 164 1119 1290 361 351 456 1937 1988 1823 1805 1653 1308 1079 56 39 40 78 110 143 101 64 73 128 48 45 25 101 123 103 98 133 133 130 110 128 60 48 50 25 23 30 14 8 8 22 22 15 49 33 15 8 28 78 
2163 2064 1888 2179 2243 1842 2152 2454 2528 2210 3055 2307 1721 847 692 751 1491 1774 1618 1624 1208 774 674 599 738 604 196 466 657 1716 992 368 447 611 2088 1969 1794 1735 1655 1486 41 41 58 68 85 86 51 59 82 115 31 35 102 131 23 28 16 64 29 56 55 104 91 81 68 21 9 13 18 9 5 19 12 4 27 21 16 13 17 57 
2288 2019 2020 2312 2123 2105 2188 2348 2535 2466 2082 2138 1045 678 779 783 1050 1629 1123 1028 1277 704 143 368 296 344 317 520 643 1743 1710 709 396 186 742 2118 1805 1770 1664 1638 61 52 63 73 41 74 46 56 67 82 24 79 64 96 116 147 143 142 205 58 90 67 64 55 34 19 10 17 13 17 17 9 9 11 9 25 62 108 40 57 
2088 2375 2338 2442 2297 2406 2341 2230 2415 1978 2155 1012 367 618 454 864 1240 1491 1033 884 1258 767 492 450 531 1092 1645 1779 247 1478 1813 1452 575 340 553 899 2231 2053 1710 1785 76 46 35 47 14 18 42 50 113 48 47 58 111 166 221 237 184 193 154 59 61 55 49 28 34 15 16 15 37 27 16 11 13 5 13 10 119 108 111 168 
2465 2317 2189 2187 2116 2306 2253 2299 2219 1881 1189 398 178 441 497 862 1030 1254 888 1022 1620 1338 765 750 852 2035 2152 2228 940 1468 1865 1666 1284 632 585 738 1300 2114 1803 1715 185 84 58 40 45 77 22 62 55 84 61 65 65 119 251 178 202 136 117 25 61 73 54 59 62 55 52 40 26 18 17 15 30 33 25 17 44 79 105 92 
2197 2264 2246 2192 2229 2271 1884 2149 1842 1756 1184 850 396 421 913 1273 1265 1595 1303 1332 1481 928 545 836 813 2122 1413 1984 1319 1104 1911 1896 1721 1326 1224 855 877 1417 1539 1244 76 89 35 18 26 25 24 76 80 88 97 136 56 123 230 193 138 98 77 52 45 53 46 47 57 58 29 29 19 21 19 12 8 17 49 79 37 30 32 33 
2219 2351 2363 2524 2315 2371 2206 2077 1984 1251 1130 780 534 838 1114 1081 978 1358 1557 1301 1282 987 763 704 797 1843 2299 2297 1258 886 1810 678 803 1066 876 1529 1426 1664 1579 1465 79 99 95 29 56 64 19 59 41 43 87 100 81 149 117 76 92 53 47 36 78 69 47 47 38 24 16 21 21 12 12 22 11 26 101 25 52 84 32 43 
1691 2439 2691 2621 2648 2369 2158 2204 1061 524 560 707 639 819 889 1125 1377 1814 1375 1102 839 506 497 621 920 773 706 720 723 742 1344 1171 589 1356 855 1859 1645 1720 1675 1765 60 77 104 55 60 79 89 47 73 30 126 29 27 31 54 24 22 53 46 43 46 40 7 38 20 42 21 40 88 55 45 34 48 121 83 50 71 48 50 42 
2138 2561 2642 2618 2638 2430 1847 1178 488 307 619 997 864 1019 1021 990 1864 1338 1301 1061 605 472 803 709 920 577 436 747 1100 727 1150 1264 292 1213 1358 1827 1817 1629 1991 1397 74 39 89 119 114 100 62 78 39 20 21 31 22 33 30 23 39 44 39 26 28 61 58 94 48 33 20 11 19 18 61 116 76 68 35 71 64 58 45 41 
2284 2326 2518 1993 1642 924 744 600 541 720 879 763 1116 1344 978 1744 1276 1411 1048 1017 650 789 1037 879 966 892 1017 985 906 573 1052 1135 1277 1326 1433 1227 1999 1753 2270 918 56 34 93 60 136 52 69 97 66 24 13 13 11 22 22 47 98 77 101 60 34 26 34 74 61 70 63 58 77 44 89 69 57 46 48 66 44 42 51 69 
1995 1481 1080 780 802 726 511 625 928 963 757 675 1160 1008 1771 1368 1444 1328 1080 990 813 885 1040 1149 1072 1020 657 796 1064 837 1142 1245 1571 1243 1774 1204 1448 1947 1582 749 63 44 41 72 98 78 43 29 32 28 22 38 37 26 23 33 37 45 61 18 33 59 67 104 107 87 51 66 21 50 46 53 64 44 77 47 53 43 38 89 
801 654 673 779 694 692 955 828 1026 940 1036 1219 1217 1525 1466 1542 1793 1433 1851 949 1077 991 1030 1098 1036 976 898 1000 815 733 1160 1370 1667 1158 1652 991 642 645 817 597 35 74 17 95 57 98 46 77 48 63 49 34 33 78 43 51 40 60 45 82 70 47 150 67 75 15 61 83 40 66 30 69 52 90 56 149 93 49 76 40 
749 728 801 490 802 592 1073 1097 1052 996 1155 1220 1502 1711 1459 2189 1378 1736 2213 1274 1139 995 1091 973 1037 987 1036 1045 447 646 1198 1182 1335 736 1332 738 246 1260 2161 1430 214 76 47 107 76 84 104 57 31 33 18 24 29 16 57 63 78 112 54 45 56 80 57 59 28 59 39 24 72 50 48 27 88 52 136 96 51 54 31 36 
683 855 850 793 628 840 1351 1172 1090 1248 1697 1585 1226 1385 1767 2037 1120 1722 2105 1604 1128 1110 1007 1145 1243 1080 989 1180 862 744 1562 1703 1818 1108 1539 1382 508 1493 1379 981 219 56 64 33 78 25 97 67 53 29 25 16 35 48 112 109 66 87 25 124 41 18 78 37 45 38 20 39 16 41 50 73 52 28 46 64 40 32 51 52 
832 775 827 1110 1330 1338 1394 1120 1078 1554 1683 1479 1495 1537 1636 782 892 1127 1762 1305 1082 1404 1295 1311 963 1183 973 1157 887 1000 1360 1574 1823 1150 1451 1131 695 1492 1670 1406 134 152 64 40 62 59 84 79 76 35 29 57 92 127 113 100 48 23 75 23 51 43 16 61 31 40 38 20 63 73 59 15 9 40 41 72 28 42 48 39 
834 902 1060 1066 1068 1062 1093 1240 1262 1277 1429 1534 1474 1522 1692 1446 1724 1657 1539 1107 1099 1193 1192 915 877 1120 1094 873 733 1152 708 1385 1545 1188 1130 939 1049 1779 1596 1476 80 147 106 91 90 20 26 112 67 69 76 37 91 108 79 40 80 37 25 56 43 12 71 29 38 74 43 78 44 34 12 14 11 11 21 40 38 53 37 34 
702 989 1010 1007 1037 1119 1120 1180 1326 1648 1443 1486 1435 880 1572 1457 1609 1393 926 995 1286 1063 1126 853 1035 855 929 733 715 1105 836 1365 1854 1451 1169 429 681 1486 1252 1296 139 193 99 44 35 97 24 75 71 49 58 50 54 61 35 45 23 20 55 28 30 57 22 42 83 52 76 27 20 13 13 12 13 9 19 36 23 11 8 16 
991 1040 1087 1126 940 1018 1303 1269 1423 1622 1297 1502 978 1161 881 846 984 1102 1034 948 1106 1004 1262 1021 1012 1045 799 635 983 903 964 1233 1741 1279 1101 1005 514 945 2350 1741 201 281 46 98 55 67 33 41 18 28 13 54 33 99 46 22 88 14 10 40 44 24 56 46 74 38 13 6 19 4 17 5 9 3 17 21 4 10 37 57 
1024 1026 1197 1150 1012 1259 1040 1711 1703 1366 1468 981 973 968 700 712 956 1105 1071 987 1096 1140 970 866 936 1057 1015 996 1250 822 1079 1298 1800 1480 1189 709 612 868 1693 1831 279 185 19 79 42 18 56 52 34 11 36 52 107 22 68 22 19 133 37 27 43 89 52 65 20 8 5 13 12 13 11 5 3 2 2 3 15 53 36 21 
1155 1135 1014 987 1264 1555 1307 1518 1705 1638 1240 1337 1233 1082 673 918 1178 1086 1011 1197 1173 1114 1002 1023 1157 1063 1185 1072 1199 1015 1431 1126 1703 826 1170 788 721 671 723 672 30 54 16 76 99 41 31 71 23 20 6 10 19 23 17 99 18 21 99 59 48 63 38 26 12 7 12 10 10 4 3 3 2 8 10 9 70 33 26 16 
1415 1062 1144 1253 1112 1378 1629 1290 1329 1211 1137 1232 1109 868 914 1193 1048 1157 1291 1060 1143 998 1042 773 1047 1069 1145 1073 1203 907 1201 1200 1351 512 1081 630 571 443 1535 1432 138 120 23 93 84 36 19 8 11 85 90 73 7 43 87 14 86 11 14 118 73 18 24 13 7 4 8 12 4 3 2 7 10 2 16 60 47 64 24 22 
1164 1111 1089 1126 1061 1222 1780 1460 1436 1224 1394 1118 1212 895 1172 1290 1319 1246 1289 1081 972 978 929 903 920 1030 1083 1284 1141 1066 1252 1570 1228 672 1287 678 183 421 1259 1087 65 29 46 55 167 31 8 10 68 71 20 10 123 15 66 30 10 92 32 59 31 32 15 7 9 5 10 4 2 3 13 3 2 12 49 16 15 16 29 8 
1320 1304 1297 1298 1549 1161 1506 1481 972 1326 1272 957 1165 1268 1036 1059 1239 1418 1234 1092 1022 962 814 939 938 1051 941 1186 1025 1271 1531 2026 984 750 1266 542 203 77 598 650 12 39 9 16 172 138 40 20 10 26 24 62 100 63 10 78 10 57 23 23 23 10 9 12 10 9 10 4 3 7 3 2 11 21 22 37 4 20 12 4 
1470 1514 1207 1286 1685 1553 1500 1373 1267 1148 1172 1107 1063 1222 1295 1059 1275 1403 1066 956 1182 991 840 967 1027 978 1035 1093 1049 1353 1176 1650 1469 1290 1246 669 284 146 124 620 10 7 7 33 103 92 6 128 128 117 62 97 15 151 40 49 102 15 17 10 19 11 11 4 13 4 3 3 1 3 13 2 33 33 50 13 2 12 8 2 
1584 1818 1485 1459 1597 1297 1326 1276 1437 1167 1162 870 1283 1134 1119 1142 1178 1103 1126 1058 1130 1280 1011 1163 1179 1030 1195 1095 1102 1384 1518 1754 1290 1659 1523 1436 988 792 544 628 9 10 9 33 83 153 70 20 31 18 11 62 31 23 123 95 33 10 19 10 10 3 13 3 12 4 2 2 7 9 2 2 65 23 57 4 18 17 17 18 
1581 1663 1556 1283 1591 1402 1177 1174 1195 1130 1103 1019 1112 1129 1236 1298 1332 1288 1204 1078 1114 1258 1105 1308 1090 1231 1352 1135 999 1271 1521 1683 877 1262 1646 1624 1359 1707 1254 506 16 9 8 8 69 69 8 66 103 143 101 73 58 17 70 31 19 14 10 23 7 11 8 11 6 5 5 6 15 4 3 27 41 24 20 26 11 21 6 7 
1466 1501 1581 1563 1198 1203 1258 1218 1189 1090 958 1357 1149 1042 992 1155 1148 1212 1149 1009 1184 1151 1077 1078 1200 1171 1225 1286 1242 983 1529 1547 501 1091 1343 1421 1424 1270 881 530 8 7 6 6 54 111 117 134 110 13 11 63 18 69 31 16 11 18 8 8 8 9 8 8 4 4 3 7 8 5 59 55 55 56 22 16 19 40 7 10 
1608 1439 1559 1329 1249 1230 1201 1068 1020 831 1061 1299 997 978 952 988 1055 1026 981 1164 1026 1048 995 1017 1123 1213 1108 1067 1528 874 1382 1209 503 1572 966 428 198 158 206 554 8 6 5 21 52 67 39 25 67 64 43 31 38 55 32 9 10 17 8 10 8 8 7 4 8 5 7 6 5 4 71 57 81 27 34 11 27 19 6 4 
1434 1588 1224 996 1104 1259 1027 1094 1081 1073 1091 1263 1074 988 946 1107 967 1061 1224 1023 1219 1170 1048 979 971 1235 1053 1082 1609 999 1580 1182 484 1628 1245 477 105 253 730 712 7 9 11 9 30 77 143 123 114 129 145 26 56 39 9 8 23 18 5 12 8 4 6 6 3 3 8 4 6 10 48 45 32 20 28 9 13 9 26 21 
1726 1465 837 1167 1326 1226 1106 968 983 1130 971 1193 981 1071 1091 1185 1100 1004 1026 1003 1037 1370 1298 1018 1216 1463 1210 1298 1606 1362 2059 626 771 1255 1086 335 110 360 920 935 10 8 26 5 7 33 17 9 69 9 154 89 40 16 10 5 8 19 9 3 7 9 4 13 2 8 2 2 11 23 42 91 36 25 21 21 53 26 43 14 
1598 1058 1221 1287 1209 1171 996 1002 1049 1317 1331 1196 1363 1207 1223 1355 1230 1340 1287 1226 1397 1289 1171 1386 1405 1320 1086 1387 1091 1548 1541 500 941 1155 937 426 220 376 551 658 7 7 6 7 4 74 182 138 118 100 80 59 29 20 16 19 11 12 6 5 16 4 6 5 3 17 3 11 3 36 34 62 7 33 21 17 23 18 53 7 
1247 1222 1521 1503 1220 1093 928 1047 1038 1175 1220 1390 1503 1417 1342 1163 1159 1027 1031 1037 1090 1148 1086 1134 1319 1112 957 1483 968 1771 1566 974 918 1235 795 419 264 349 494 808 6 9 9 12 5 43 102 46 14 90 78 22 19 17 18 6 14 4 3 14 4 3 23 8 8 8 3 3 1 38 39 49 10 21 5 78 36 9 29 9 
1280 1301 1251 1264 1112 990 1219 1093 1321 1032 1342 1568 1444 1135 1149 1094 1239 1279 1137 1091 1129 1108 1068 1219 1354 1301 1160 1535 1179 1310 1423 940 1020 1522 598 489 211 216 821 959 10 8 7 5 3 38 106 112 9 48 31 25 17 14 13 18 6 4 8 4 3 7 3 3 2 1 8 1 30 22 57 53 16 14 14 27 15 30 20 17 
1529 1277 1162 1161 1161 1035 1276 1126 1150 1248 1436 1545 1431 1310 1182 1327 1284 1298 1147 1168 1410 1352 1284 1508 1283 1218 1370 1113 1021 1197 917 406 1105 1022 367 288 58 249 611 851 7 7 10 21 3 21 51 93 84 34 28 13 13 15 20 9 2 3 8 2 1 10 7 2 1 1 16 2 72 60 43 22 27 94 12 18 7 46 25 14 
1159 1218 1085 967 940 1274 1067 942 947 1322 1511 1103 1113 1261 1014 1031 1158 1368 1095 1213 1172 1078 1097 1596 1427 1196 1527 808 1542 1714 737 462 1442 833 758 165 116 464 889 720 6 11 31 8 6 33 24 8 188 37 29 12 11 27 7 7 7 15 6 4 4 9 3 3 8 7 3 2 76 62 48 27 44 23 14 25 15 24 19 11 
1046 1265 1114 944 1132 1283 1150 886 1335 1554 1548 1410 1280 1269 1323 1298 1296 1265 1157 1266 1179 1183 1325 1473 1259 1320 1374 849 1713 1795 355 519 1695 579 1081 397 212 841 630 456 109 17 6 115 39 37 53 17 35 25 16 13 23 8 10 7 9 5 4 3 2 8 15 9 8 3 2 57 97 65 67 12 28 16 15 35 16 18 9 32 
1037 947 929 1049 1176 1135 1152 1268 1620 1800 1170 866 1490 1434 1239 1312 1368 1051 1086 1161 1110 1179 1551 1255 1276 1252 1348 787 1380 1675 615 1146 1393 846 1431 492 380 1873 641 779 77 19 7 82 56 18 41 62 20 24 11 20 6 5 18 5 9 7 8 8 2 7 3 3 2 8 1 6 47 71 49 21 20 9 3 31 12 41 52 10 
1086 1201 982 1143 1054 1078 1282 1516 1431 1037 905 661 1495 1733 1876 1368 1352 1120 1059 1223 1210 1056 1429 1229 1201 1418 1156 1321 1221 1249 654 815 1488 1386 1357 1002 812 1172 1087 748 56 64 18 49 98 19 50 31 18 15 20 36 5 4 4 9 6 3 2 2 1 14 2 0 1 12 1 23 11 33 62 37 36 24 55 30 12 16 23 19 
1000 511 794 1038 1011 1229 1291 1499 1214 854 759 993 1614 1784 1363 1068 1155 1089 1120 1243 1196 1291 1347 1109 1099 1453 993 1465 1026 1035 644 1059 1369 669 601 427 202 260 672 603 7 8 4 2 3 62 71 26 14 3 8 8 2 2 2 8 2 8 11 2 2 8 30 2 12 5 1 2 29 22 65 9 55 39 26 15 12 34 22 65 
