19 20 32 27 16 16 10 31 37 7 9 20 21 28 28 22 18 10 17 15 11 20 23 24 38 28 12 17 22 21 37 12 7 25 21 23 10 31 25 14 10231 9825 9107 9748 9470 11355 11894 11513 11859 12879 13050 11980 12749 12202 13652 12116 10538 9419 9276 10981 10466 10660 10934 11065 9156 6270 6137 3726 3317 8740 7955 8212 9101 11904 6765 9252 8664 11692 9465 4620 
15 21 13 21 18 11 23 6 16 30 15 14 11 27 15 18 23 9 24 17 3 20 12 33 8 17 8 13 14 19 31 16 17 17 15 19 10 15 12 26 10378 8598 8005 10501 9914 11989 10951 12179 11756 13258 10975 12827 12696 12296 11330 11583 9908 11225 8403 9945 8968 11422 9928 9586 9712 6182 5397 5885 3867 7069 6258 9249 11816 8572 6073 8555 8657 11166 9900 8720 
17 25 6 10 21 18 16 16 22 14 15 19 22 8 17 11 9 5 24 9 17 13 16 14 9 18 19 20 6 7 24 15 21 34 28 18 5 17 15 16 6782 9337 9967 10168 10418 11765 12682 12422 13330 12515 12571 11996 11189 11891 10951 12040 11632 12404 8114 9202 10496 10540 10959 10760 9245 9156 9458 5833 2166 5531 7083 6629 11695 12560 6356 7973 8057 10466 6345 5009 
26 21 18 20 20 20 20 15 8 21 25 16 23 10 9 3 6 34 62 20 13 12 5 3 3 24 6 3 0 6 12 20 31 6 23 18 29 22 10 18 7197 9345 8911 10610 10590 8939 11250 12667 13341 12670 12177 11110 10061 11856 12526 11429 11320 11713 10780 11035 9521 10073 11243 10771 9771 9004 9500 8943 4331 3803 4375 6146 7694 8979 10095 8692 7343 6941 6785 7804 
31 10 17 3 5 11 10 23 11 23 20 24 8 14 29 27 17 20 17 14 10 25 30 17 20 17 24 20 8 3 5 17 23 6 29 13 17 11 16 15 6743 6444 10244 11118 11745 10926 11666 10780 11272 12525 11074 11901 12158 12313 11077 11215 9311 6417 7313 6941 10899 10603 9633 9389 9604 8225 9745 8677 6756 5477 5620 4996 5342 7958 6153 9384 6218 5863 4578 3210 
20 18 19 18 24 13 26 7 21 18 18 23 36 23 46 25 9 20 16 12 29 14 28 11 25 10 20 20 26 45 38 19 12 12 27 13 12 15 14 21 7265 9962 10412 10093 9998 11404 10743 9376 10999 11544 10421 8284 7491 11848 4255 4187 3783 3432 3487 6626 12289 12705 8771 9632 8319 8701 7186 8409 5210 6502 5132 4448 2620 3765 5026 9273 5461 4552 4153 4864 
10 10 29 7 12 18 13 19 3 9 19 16 20 19 6 14 11 16 6 19 19 13 23 25 14 12 17 0 5 18 10 27 19 31 12 17 9 13 15 24 6956 9330 10642 10322 10116 10731 11585 8756 8390 8261 8939 8608 7655 8231 6213 7382 8802 8183 7742 10068 11436 11977 9846 8737 6026 2670 4863 5147 4537 4720 3155 5240 4197 3334 6032 5914 5969 5592 4789 7075 
26 8 6 27 17 6 31 32 18 29 22 21 9 17 17 10 6 20 10 12 21 19 10 12 17 6 0 6 5 12 17 6 24 22 24 24 17 10 13 26 5481 8936 9693 10149 8151 9354 9716 7420 6301 8182 10065 6627 8782 10665 8097 9627 9405 12027 6678 9756 9480 10435 11096 9559 6317 2601 2364 2342 3146 3119 3572 3281 2111 1721 4379 6484 6808 3442 3502 8427 
16 18 7 13 15 16 12 16 23 5 23 15 20 31 36 13 9 16 17 19 28 27 3 20 3 6 12 17 8 8 15 19 27 13 18 19 20 10 10 19 5287 8637 7137 8086 6335 9290 9093 6233 6423 7160 8360 10518 9330 9567 11472 11003 12239 11079 10002 11040 10127 10428 8957 9380 4870 3797 4506 3271 3654 4096 3538 3175 2245 2340 2956 5800 7189 8224 6556 7789 
6 21 15 27 14 30 12 22 21 19 12 16 6 31 10 13 16 24 23 17 13 22 24 27 12 18 12 14 12 12 22 27 19 6 13 23 12 15 22 13 7853 5387 7026 5912 4072 3244 6381 7061 6598 6387 8429 9240 10887 11740 12060 11758 12347 11248 10974 9102 8732 9433 8449 6802 3762 4675 4777 5128 6066 6828 5797 5214 3691 3296 4318 3578 7982 10496 7223 11086 
16 24 17 6 14 11 17 10 19 31 25 8 6 27 10 20 14 20 52 19 10 22 32 31 24 31 14 22 10 50 8 11 16 10 6 10 20 6 15 10 10314 7259 8428 6821 7327 7051 7298 9039 9094 9447 10285 8175 9802 12277 12749 12337 11925 10273 12191 8345 9033 9516 9546 8606 8450 9224 8485 7886 5802 4988 4811 5055 4679 4420 4753 4976 6577 9438 9422 9804 
27 30 26 11 23 21 19 6 17 21 19 55 10 6 9 18 16 10 12 17 22 17 18 23 21 6 27 36 12 27 14 17 18 23 34 31 25 12 13 13 8709 9720 6003 7026 6053 5983 7131 9088 10843 10787 12004 12659 9807 9648 14045 11647 11950 9798 7939 7804 7937 10131 10355 7603 7686 9363 7449 7038 6632 7332 6377 6159 6520 6001 8250 10861 7124 7559 9426 7910 
22 22 29 6 7 28 19 19 15 32 34 13 17 24 19 12 15 10 18 12 17 20 15 21 25 12 14 18 8 20 19 8 10 17 30 10 18 24 12 18 5965 7165 7826 8845 8933 8047 7584 9028 7443 7933 12768 11271 8753 11098 11184 10146 9084 9540 7199 6267 9600 7419 6867 7268 6696 7152 6332 6269 6134 5449 5862 6465 6217 7321 9639 8000 9248 10910 8397 7675 
21 10 23 29 25 21 21 3 33 13 13 20 20 13 17 3 18 13 19 19 12 22 11 17 17 22 22 22 17 27 18 23 10 23 20 18 25 12 18 10 6616 8978 8770 9731 9568 9497 11095 10211 8989 10231 11903 9828 10591 8806 8544 8603 7948 8136 8410 9370 8707 5795 4937 5742 5625 6061 6895 7800 7458 7417 5770 5985 7083 12240 8887 8918 9290 9209 8365 8272 
23 13 24 21 14 16 15 10 26 17 20 13 17 10 19 3 9 13 27 30 10 20 24 13 13 13 20 24 10 15 23 32 5 13 33 23 20 12 27 4 8407 4971 9377 9483 9680 8518 9764 10425 8583 8113 8248 8425 8320 7472 7557 7714 8724 7522 7501 7719 8374 9432 8966 7723 6853 6835 3027 1962 4169 6944 8799 8159 8662 7105 7253 9690 8486 8286 7219 7789 
12 12 17 21 15 12 26 0 17 13 6 13 13 13 17 12 20 13 25 10 34 13 13 10 10 20 17 10 19 17 17 13 20 20 22 28 12 22 24 25 7759 5948 7277 6016 10213 7880 8354 8057 9334 7410 7285 6959 6569 7069 8552 8175 10460 9595 9145 8719 7650 5974 7704 9328 6935 6506 7211 8378 7829 7167 7341 6919 6842 7647 9705 9710 8837 8311 8126 9065 
8 19 12 59 6 17 10 20 6 20 10 10 29 12 11 24 25 23 12 6 10 10 13 12 3 27 20 17 15 6 26 15 21 21 13 20 17 14 8 22 5286 5652 5886 7474 8930 8451 9285 8344 9334 9075 8027 9421 9291 9239 8798 10500 8842 9402 9735 8896 8240 8929 10384 9139 11063 9715 7228 6109 3176 6674 5471 6479 8787 9299 9384 9203 9089 8350 7603 9856 
27 20 20 24 13 52 13 20 13 13 10 10 30 3 18 12 22 14 10 15 7 24 6 20 17 13 17 15 23 15 24 17 14 18 35 26 3 13 20 10 3568 9563 3478 10297 6365 10028 7674 9607 9066 8737 8386 8514 8254 9318 9980 9031 8421 8919 9385 8282 9069 8578 9932 6409 7688 3418 6993 6384 4787 5374 4719 6852 4304 8385 6876 8803 9390 8713 8169 7199 
6 12 13 13 13 10 3 17 6 15 6 17 16 21 16 27 12 16 9 12 13 13 17 24 31 13 17 15 16 26 9 33 19 16 9 17 0 16 25 20 10199 7150 6141 9090 5189 7331 9896 7537 8420 7123 8048 8163 9563 9621 9553 9219 10119 8780 8532 8883 7506 8998 5600 7400 4853 8588 5534 4324 7433 4082 7055 5318 6649 5443 8684 8343 7413 8267 7577 6666 
13 19 19 13 13 27 21 13 18 33 21 22 16 13 9 15 20 8 26 19 10 6 24 17 26 20 12 19 20 17 16 19 20 17 11 14 8 24 15 24 8815 8054 9010 4038 9774 3690 10265 9364 9570 7497 6749 7196 8496 9339 10325 8041 9640 10499 4382 7647 4087 3696 7745 4373 7751 5191 3655 5955 4079 6166 6391 7880 7129 7255 8758 8147 7520 7030 7093 8945 
5 22 20 6 10 10 20 25 13 19 13 14 10 5 15 10 19 23 24 8 26 21 13 18 15 5 25 36 20 12 21 29 20 12 19 33 17 16 19 6 9861 7717 8509 6819 5025 7739 7747 7082 8659 6165 7073 8357 10339 10043 11503 8905 7748 5047 8265 3607 5415 7664 2973 6210 5377 4121 7123 4399 8007 7534 5160 3343 1589 5869 9102 8686 8660 8132 7083 6902 
6 13 10 13 10 13 13 17 17 16 10 17 17 22 4 23 16 16 16 12 17 26 31 20 13 19 17 9 17 20 19 31 29 14 17 6 16 30 15 27 7974 11678 7135 7956 7087 2673 5648 10361 6182 6579 7713 5072 8789 10049 10020 5516 7793 9137 3304 8066 5359 3909 8505 4489 4366 6897 5456 8755 5633 3100 2393 3105 2853 2806 2609 7148 8730 6564 6607 6184 
24 20 17 13 24 20 6 17 13 17 10 6 24 22 12 19 26 12 13 24 10 10 6 17 17 20 6 17 17 24 10 12 16 24 25 14 33 23 29 6 6026 11151 7499 4486 3539 8643 4989 5488 7661 6081 7015 8139 11086 6222 4860 8689 2973 3036 8337 3184 4543 7858 5004 5779 8650 6282 7085 3922 2710 2357 1752 3405 2152 1868 5261 5020 5632 3549 2079 4469 
17 17 13 6 17 3 17 20 10 20 10 22 17 59 21 13 17 6 10 27 20 17 48 3 17 13 10 20 19 27 20 14 15 33 18 69 36 8 12 13 10017 11980 6286 9660 7297 5199 7579 7164 6098 6866 5896 4550 3986 9423 5695 4353 8343 3200 1978 7624 5130 4537 7229 6797 8561 3865 2563 1507 2081 1592 2259 2983 1921 1296 2424 1943 2402 3023 5403 8377 
34 20 13 13 13 6 3 8 13 20 17 32 20 21 13 6 10 21 10 17 20 10 13 24 6 10 6 6 3 19 10 12 25 28 10 28 6 11 16 14 9799 10837 4733 8260 5936 4411 7070 6352 5808 3273 5242 7353 10236 2124 10017 4627 4026 10260 5657 3587 5946 8926 6256 6008 3192 1809 3068 2604 3018 2343 1666 2616 1128 1128 1406 3144 2802 6238 5472 4677 
10 3 10 31 13 17 15 17 17 10 20 26 21 15 34 6 13 13 6 10 17 10 17 13 13 10 17 10 26 34 24 15 3 24 20 29 26 24 6 3 4158 4764 2366 5886 9532 7040 4891 3288 6480 3737 3827 3814 4753 6566 1465 8883 3400 2943 9131 5298 4376 8055 5563 2560 1300 2237 3029 3357 2644 1682 1153 1957 3238 2752 3192 2052 6572 5343 3843 3399 
23 13 10 20 3 10 10 17 20 13 25 8 22 24 23 13 9 10 17 13 20 24 20 24 17 17 17 17 8 20 19 17 6 0 24 59 16 13 17 10 9684 9882 6164 5937 7490 4687 3377 3987 2966 5877 8338 7129 1510 5321 7116 3614 8235 2040 1544 8651 7136 4277 2480 1857 926 1895 2392 1491 351 1198 2486 3418 2030 2548 2736 6731 4829 5039 5685 5145 
16 13 20 17 24 20 13 6 10 53 10 10 10 27 13 17 11 20 10 17 24 17 10 17 3 10 24 20 9 20 15 15 10 3 6 10 3 10 8 26 6175 5811 5213 5914 9360 4264 2169 4313 6026 5769 2290 4170 9003 1945 8038 4394 2041 7498 5734 5951 4025 3472 1771 1931 3239 2844 2551 1074 1285 1789 2824 1309 2913 2837 5917 5290 7412 3941 4615 4130 
10 6 17 6 24 17 17 28 26 25 5 20 17 10 6 13 13 17 6 13 10 13 10 13 27 6 17 9 24 13 22 16 20 20 19 32 0 0 6 17 2814 2841 2157 3309 9286 7545 7780 3262 619 1990 3316 4404 9122 6399 1587 9125 2945 6864 5314 3488 3752 3181 4571 3270 1841 2655 2108 2059 1216 2568 1333 3167 2426 5345 5043 6378 2907 6091 3818 3710 
19 10 20 24 24 12 12 11 8 13 10 10 17 17 10 6 17 10 10 34 6 13 24 24 10 10 13 13 20 17 15 10 19 12 17 19 8 0 0 24 2287 572 485 4424 9071 7213 3023 6039 7990 9801 7055 9600 2440 10984 4957 3575 9351 6264 4351 2423 3107 1277 1543 2735 2344 1604 917 1468 1650 3207 1937 1515 3907 6034 8190 4006 3532 4413 4972 4888 
6 17 6 3 17 17 18 21 10 13 6 20 27 10 17 17 20 13 20 20 6 0 10 13 17 13 13 26 23 6 20 24 18 18 6 20 19 9 2 17 2777 1188 939 2768 7733 11110 7275 5271 4933 3561 2985 6821 7494 4204 11184 6202 6370 2892 2564 2898 2696 2765 2391 1191 1899 1809 1330 1136 2993 1666 1506 2738 7234 7873 7330 4400 6438 3101 5377 3702 
15 22 17 10 10 33 16 20 13 10 17 13 17 24 20 10 3 3 20 17 10 17 17 13 24 17 31 13 26 27 10 13 27 20 21 34 12 17 25 17 1882 1723 1471 1237 4974 8130 2115 5015 7951 7126 7247 3972 10443 6445 8750 5296 2398 3239 2868 1559 1441 1477 1620 2800 1593 1577 1215 2989 2861 843 1866 6451 6906 6931 1986 5407 4192 6266 5186 4558 
13 13 13 13 24 29 19 10 6 10 20 20 6 10 6 17 24 20 31 10 0 10 17 20 6 27 20 6 10 13 3 17 13 15 10 28 5 21 26 31 1479 1797 2024 1577 4756 8102 9221 7574 7947 2987 3934 10865 6495 9907 5712 2082 2381 2964 2498 1483 1083 2109 1007 729 2725 1078 1898 876 1195 1801 3634 6635 8313 8602 4261 5673 4293 6117 4526 6589 
6 12 13 5 17 24 13 20 13 20 6 6 17 20 13 10 20 20 20 17 13 10 20 17 27 6 29 12 13 6 20 20 20 44 27 10 3 6 3 6 1129 2010 2350 3409 5291 7056 5167 5873 6643 6805 4036 7955 7617 6491 3520 2929 2400 4446 547 2172 1672 874 1645 2024 1375 1278 1079 2278 966 2006 8296 7398 8811 4773 7302 4928 6683 5517 5529 5223 
17 22 10 18 10 20 31 20 20 13 20 6 20 13 34 13 31 20 6 10 17 10 20 20 6 6 12 10 22 22 24 12 6 20 27 34 0 3 6 17 1181 2145 3519 1763 3983 8655 7932 8565 7523 7846 8790 5743 6968 5084 2309 1736 3874 2368 2307 1446 1064 2386 2542 3112 1782 2968 1509 3719 1273 2840 5891 8087 5468 4936 7937 4134 6182 3664 5611 4393 
13 14 15 12 23 17 22 3 24 20 10 10 27 10 10 10 13 38 17 17 27 6 10 24 13 17 0 6 18 31 17 10 27 17 29 13 6 6 31 27 1844 2593 2814 1097 1014 8217 3570 3009 4920 2627 12307 7373 5657 3776 4034 3722 2558 2451 3568 3024 2953 2419 1969 3555 1748 3134 2144 3561 2958 4336 5153 7663 5664 5536 6453 5117 7571 4882 5931 4829 
18 29 13 20 12 10 17 10 24 13 17 10 13 10 6 13 20 27 13 6 17 27 17 20 3 24 14 13 18 10 10 27 20 20 16 6 6 3 3 13 1265 2541 2800 1710 1312 6467 10517 9326 9629 8363 7233 6623 4903 3466 2799 1186 2744 1649 1549 3480 2136 2028 3048 3310 2649 1985 3328 3575 1577 5994 7336 7439 2485 6981 3249 5163 5104 4642 7891 3926 
25 19 27 19 13 10 20 17 6 27 17 3 17 17 17 20 6 27 13 13 13 27 6 10 10 13 23 10 28 12 20 20 17 10 26 5 3 20 6 34 1504 788 1430 2841 2674 6597 6961 4576 2258 11219 8014 4490 2440 3900 2847 2239 2713 1186 2661 2922 884 1836 2708 1503 2331 1438 3542 1741 1944 7119 7854 8168 4283 5531 3203 6259 5072 3908 8032 3294 
13 13 21 13 20 13 3 27 20 13 13 13 6 13 20 20 20 20 10 6 17 6 17 7 18 15 9 19 13 17 10 13 20 10 24 34 10 6 6 17 1573 1859 2115 3407 2976 6328 9498 7419 1558 5405 6541 3455 1273 3346 2411 2955 1251 1961 3169 1330 1541 2534 2533 1295 1808 2008 3533 2160 4297 3034 7778 5174 4892 6317 4285 6941 3877 6511 5720 3158 
17 14 17 3 6 3 10 6 17 10 10 17 17 13 13 13 13 20 13 17 17 17 17 4 17 13 19 10 13 17 24 10 13 27 24 10 0 20 17 10 1783 2536 3132 2962 3320 4881 4233 7064 7742 5315 6431 1726 1103 2658 3353 2424 1313 2585 2034 892 1632 2368 3061 2008 2626 3132 1065 1817 5558 7275 5307 3306 5574 6720 5011 6387 3121 6115 3664 3646 
13 17 13 10 17 10 17 13 17 17 10 6 6 10 27 20 6 17 24 3 13 17 13 18 13 27 12 13 13 10 13 6 17 20 20 6 0 6 24 10 954 1334 869 1182 3066 5388 5193 4252 10391 7354 4206 2392 2856 3216 1803 1523 2258 1158 1149 1986 2512 2926 2832 2473 2563 2906 1009 1692 6930 7624 7044 5915 6183 6757 5353 6649 3695 5491 5592 5726 
17 6 10 20 31 6 17 34 17 17 9 27 28 13 0 13 10 13 17 20 27 17 13 25 23 17 24 24 20 13 13 10 8 13 17 2 10 17 6 20 5492 2417 1921 6582 3087 4495 4747 2678 7535 5132 2781 2187 3822 1059 1479 2474 3227 2433 1132 2889 2803 3357 1461 3300 1481 3008 655 5098 8282 9039 6618 5671 7441 1542 2496 4932 4191 5627 4319 4575 
6 13 45 17 24 13 20 3 18 19 16 13 13 7 17 3 10 13 13 20 20 27 6 22 10 23 20 18 17 16 31 17 24 13 27 4 6 13 10 10 5272 5679 1168 8668 7141 4715 9500 6667 9626 3216 2307 3188 3022 2119 2370 2947 3091 3189 2797 2053 2601 1563 2019 2121 2382 3180 1203 6068 4107 7848 6773 1861 4501 2781 3116 5756 3759 7463 4513 4219 
6 10 10 10 13 10 17 21 16 21 25 20 22 25 19 16 17 20 17 20 17 17 24 17 13 18 15 16 6 13 13 17 20 18 28 11 12 6 3 24 5076 4712 3115 6757 6836 5173 8800 10658 7987 1763 4517 4586 3652 1902 2646 2947 1706 3123 3021 1997 3071 1484 3327 1937 2217 2626 1416 3846 3943 5610 4621 5461 6637 5763 5822 4867 2336 5027 2926 4413 
27 20 6 13 17 12 23 11 16 16 19 23 12 25 29 26 31 24 20 20 24 10 8 20 13 20 10 22 22 13 10 13 13 20 55 24 6 3 17 13 1234 1275 1436 1763 2185 5587 10617 10146 3535 1873 3313 1420 2556 1982 3237 2239 1476 1828 1254 1914 2950 2643 1722 1230 2690 2457 1192 3828 3619 5437 8431 4681 7078 3877 4747 4737 2018 6872 4710 4931 
